3 10 10 1

-2.5701909144535025 -2.4166987499266845 -2.589990354199761 5.671894601392292 
1.4097971216427616 1.5574481912879505 1.7649748551207225 -2.358268874796928 
5.137027955417873 5.120416616923777 5.137149856522784 -2.4527854478809537 
-0.4158918304996277 -1.0511966272759883 -0.5171087086167095 0.8356636920236824 
2.5183053782555325 2.4398420458079264 2.5318785043164986 -4.811505301519152 
0.8638550841203517 0.6333476764649624 0.4979567059601165 0.9367486020059366 
2.2594078745545527 2.2259223821774565 2.2407529860999893 -4.8081113967815154 
0.5118408155952391 0.6578012847424314 0.6119476995245583 1.3820808541792804 
1.9722546841621404 1.9949674387588252 1.8736909478115957 -1.3154339399610144 
1.7134333050864872 1.7684889566323145 1.3802637523588366 -3.070300304834793 
0.335 0.197 0.796 0.66 

1.5374272267399103 -0.6557179234372827 -6.178752690610529 0.7360535575917614 -1.0386258595111553 0.28181335262033286 -2.1398277088240074 0.4423396112577969 -1.5427243432694562 -0.645913784133666 0.9456486216866941 
-0.0022553111826678746 -0.5509302421548014 -1.1296928762375 -0.09124576191893433 -0.5964564843721476 -0.21055734549970617 -1.0221637528959855 -0.855685157734585 -0.8681720807429589 -0.1554323857017915 -0.7015018762762606 
0.6674940108252063 -1.1191680960769463 -1.6989505395370337 0.07113291540305261 -0.6349622101536632 -0.23641822233393586 -0.8071791243592946 -0.05332481531375518 -0.1962849643023768 -0.28864678907627345 -0.9936868833416949 
0.3602204892522843 -0.623433540921175 -0.7301581157249881 -0.6447868641995232 -0.5232187511595181 -0.4524056572197473 -0.8701555943198974 -0.150417777130775 -0.10038821259819697 -0.9253988001411786 -1.078607716068062 
-0.05470623138717107 -0.6034787990946958 -1.5275993038369449 0.09949499277103298 -0.7050923121645845 -0.08125556043354923 -0.8368139941304868 -0.40614534311477435 -0.5018666148252028 -0.17470316693574708 -0.9367012456583564 
6.79577017977491 -1.1255455794697207 -1.6351275744200384 1.8624195753494683 -3.491669100693034 1.2256861396789394 -4.172130537379416 2.082044299113073 0.1179366864523846 -2.3767926646874145 3.1242213582787026 
0.6255794006336242 -0.708803842085108 -1.3282339596383153 -0.37688712482311465 -0.868755134275015 -0.5675015130402131 -1.012543723549409 -0.31737794765040905 -0.9914625079770961 -0.23858680423298198 -0.40248457074618177 
1.6589440283607273 -1.0619050219272552 -5.624013420066688 0.24760214091807478 -1.0415807972909645 -0.32452679942622403 -1.5509873454954464 0.5699709595244689 -1.8345363075246421 -0.734290928021789 1.3905965538910119 
6.092495421529019 -2.9913146825985004 0.2610101089967587 0.9358769509777298 -6.1918318064940605 -0.098624376072442 -4.315955472934021 -0.3468641983264179 -1.5461138154858836 -3.211150218293916 1.519944988636163 
0.3903094058441431 -0.7502974698796181 -1.7957425011396595 0.1969033913167784 -0.649655330943739 -0.03836492067218948 -0.2278159398855438 -0.568044802419213 -0.7735644871960412 -1.0062316181048525 -0.3668872865388367 
0.602 0.692 0.849 0.132 0.248 0.832 0.383 0.584 0.948 0.473 0.038 

-6.9844411659459675 -0.45573060590536535 -0.9389538880401913 -0.061727272696970197 -0.6591655245729549 -12.730507440851898 -0.9012802723722573 -6.4947193825577045 13.653283052864778 -1.1267823164065423 6.1629448266253535 
