3 10 10 1

0.19181709547094 0.026808832295208827 0.6228347006775348 0.2734946663334107 
0.16885348682105436 0.22585551945363314 0.15785499125976118 0.8885920878009821 
0.8408633588320799 0.668853974860747 0.6158553608736745 0.03952206172554163 
0.3178564068100296 0.3238561628822155 0.2868566085043584 0.4685845749288058 
0.5579305886521597 0.7209340815834295 0.1669223404603949 0.48577064147991195 
0.6849418213836409 0.8009441703662054 0.6849431840073897 0.854752366212153 
0.40385283793708054 0.25684437856136716 0.10484036793372765 0.639555274949497 
0.5759533397578827 0.8309573626738741 0.7549569304946838 0.9388037851038395 
0.2477845617780952 0.5247971483740814 0.7758173575937914 0.13039739343530676 
0.9678933596069502 0.34986028636942657 0.01684974019859181 0.9405603472521141 
0.444 0.323 0.955 0.56 

0.28178295817553656 0.9047466889152594 0.6727691503381563 0.7387661067819029 0.9557541293138329 0.18072240432219203 0.7297583486958567 0.1017187328609508 0.29077557507365476 0.2707304209837067 0.44566165777303957 
0.6352524995130793 0.11712416254899553 0.8952031647245562 0.1361917574301381 0.014149279692623364 0.352041041967416 0.21716425055855598 0.21902838306091396 0.9412263437156293 0.9480675083456479 0.646829853501842 
0.38660748491165337 0.7465410203652711 0.5005806664561265 0.6725759452664586 0.40955354398836835 0.833496580310549 0.016561617581829436 0.16349007006140873 0.7355935831888908 0.17651048520735094 0.15238733111776603 
0.6560034315295531 0.2780039498958583 0.7600041034276738 0.19800378762592977 0.5160041249233441 0.40800459064860406 0.8670038870598565 0.45700461222603816 0.06400374918899834 0.0880044227255575 0.819005085814 
0.7137916208534065 0.8817566538046232 0.09177590943315977 0.2897746672920777 0.32776227835059835 0.1397321234382357 0.013767264046922412 0.6127287708991538 0.8557833975751539 0.5087399601165138 0.6916758888164756 
0.6299915377343214 0.07099002639582488 0.36499122583374577 0.6609908810915651 0.5479904790103205 0.23798924080237485 0.9539905421756002 0.7749890782119294 0.9539913673285018 0.9689894847605416 0.6979865581759148 
0.7498224679122958 0.4827909559488432 0.8128141207868399 0.5728083226590129 0.6247993091655585 0.5897734802522085 0.9968012651512619 0.9387702206759485 0.26281816189582397 0.40477865546366065 0.4007189868858734 
0.5408360488513522 0.6918079886646095 0.3928251629118529 0.9198227700689632 0.11281347343406065 0.6797897178636142 0.6988166983502144 0.216786963730207 0.7538304030203699 0.135795380323261 0.869743479951854 
0.28955574494756753 0.7134821759691361 0.4555252830980883 0.8295210578794215 0.39449579227905696 0.0174309376727664 0.7955056269961227 0.5124235635998069 0.27853917616056245 0.7404483813166323 0.048309543144657574 
0.5265306360163515 0.26245206090717627 0.26749735400163555 0.12849313639090107 0.04346590864035921 0.582397713727074 0.927476657163725 0.30638996780238087 0.642512651106819 0.9354159043192921 0.9172695659293674 
0.586 0.661 0.893 0.959 0.741 0.781 0.083 0.562 0.797 0.906 0.682 

0.3233628071100099 0.9256490184572631 0.3291401959773626 -0.03941938997060477 0.2435911075313387 0.00374362287734875 0.7417669671037598 0.3790290050450633 0.45983417963514134 0.8951990531949323 0.6494030144528604 
